% -------------------------------------------------------------------
%  Generated by MATLAB on 17-Mar-2025 15:32:49
%  MATLAB version: 24.2.0.2806996 (R2024b) Update 3
% -------------------------------------------------------------------
                                      

g2_m = [NaN 39603.666668350095 9902.9166734003938 4402.7777929283629 2477.7291936002857 ...
        1586.7067087489277 1102.6945050402303 810.85042260935552 621.432399380421 ...
        491.56803755050157 398.676834945131 329.94786200201258 277.67385338938277 ...
        236.99239476564267 204.71291473297126 178.6714895480938 157.35850344039704 ...
        139.69483428426736 124.89252004187738 112.36533445900972 101.66983897222782 ...
        92.465593702947629 84.487727816800827 77.527668753360246 71.4193702160854 ...
        66.029316198640146 61.249162555627457 56.990249728050713 53.179461954444534 ...
        49.756068184973962 46.669287442732589 43.876394805655877 41.341235041407508 ...
        39.033046619441642 36.925524180206175 34.996065760828806 33.225164308398639 ...
        31.595912717921024 30.093598818760821 28.705372101928269 27.419968024384183 ...
        26.22747879654251 25.119161907210529 24.087279448785118 23.124962707888574 ...
        22.226097580936997 21.385227233219471 20.597469098373377 19.858443853653426 ...
        19.164214436157781 18.5112335098736 17.896298071196092 17.31651010547488 ...
        16.76924239001719 16.252108688310997 15.762937702665607 15.299750253238876 ...
        14.860739234672129 14.444251970577746 14.048774643552925 13.672918526329147 ...
        13.31540777981337 12.975068617499277 12.650819664141537 12.341663360595581 ...
        12.046678287070273 11.765012294327207 11.49587634708635 11.238538996474194 ...
        10.992321409117951 10.756592889729726 10.53076684197295 10.314297119255325 ...
        10.106674723012794 9.9074248111743319 9.7161039839444214 9.532297817905496 ...
        9.35561862280949 9.1857033983658649 9.0222119709018465 8.8648252920200861 ...
        8.71324388335282 8.5671864132453575 8.4263883927290344 8.2906009794894118 ...
        8.1595898797241269 8.0331343388361471 7.91102621283932 7.7930691131786007 ...
        7.6790776184017595 7.568876546771 7.46230028448493 7.3591921646995138 ...
        7.259403892999531 7.1627950153862709 7.0692324252177583 6.97858990587018 ...
        6.8907477061872671 6.8055921460525761 6.7230152496602722 6.64291440427745 ...
        6.5651920424866175 6.4897553460733315 6.4165159698839611 6.34538978412265 ...
        6.2762966336869583 6.2091601132607845 6.14390735698959 6.0804688416614976 ...
        6.0187782024055441 5.958772059999772 5.9003898589546671 5.8435737156048688 ...
        5.7882682755026309 5.73442057946264 5.6819799376585562 5.63089781121807 ...
        5.58112770080625 5.53262504172551 5.48534710509683 5.4392529047192966 ...
        5.3943031092353975 5.3504599592571056 5.3076871891333228 5.2659499530626563 ...
        5.2252147552770181 5.1854493840416 5.1466228492348076 5.1087053232890254 ...
        5.0716680852882741 5.0354834680335543 5.000124807899831 4.9655663973209583 ...
        4.9317834397501743 4.8987520069544 4.8664489985102746 4.8348521033788607 ...
        4.80393976344429 4.7736911389094878 4.7440860754490224 4.7151050730260424 ...
        4.6867292562861387 4.6589403464469079 4.6317206346070607 4.605052956403922 ...
        4.5789206679526542 4.5533076230046658 4.5281981512666789 4.5035770378252682 ...
        4.4794295036252967 4.4557411869534187 4.4324981258809055 4.4096867416224814 ...
        4.3872938227702729 4.3653065103643351 4.3437122837630149 4.3224989472785573 ...
        4.3016546175447035 4.281167711585149 4.2610269355526045 4.2412212741099227 ...
        4.2217399804258164 4.2025725667587972 4.1837087956041445 4.1651386713793128 ...
        4.1468524326244856 4.128840544695306 4.1110936929259694 4.0936027762410783 ...
        4.0763589011956967 4.059353376423239 4.042577707471553 4.0260235920080039 ...
        4.0096829153747047 3.993547746475592 3.9776103339773528 3.9618631028066775 ...
        3.9462986509264604 3.9309097463742937 3.9156893245464857 3.9006304857115852 ...
        3.8857264927374424 3.870970769016326 3.8563568965728168 3.8418786143397288 ...
        3.8275298165874725 3.8133045514927137 3.7991970198324827 3.7852015737904243 ...
        3.7713127158619866 3.7575250978459911 3.743833519910384 3.73023292972012 ...
        3.7167184216160303 3.7032852358335555 3.689928757750863 3.6766445171563209 ...
        3.6634281875257173 3.6502755853001614 3.6371826691560076];

n_all = cell(1, 200);
n_all{1} = [0.090908214891640984 0.090908585490617533 0.090908799307784061 ...
            0.090908922669648493 0.090908993843305128 0.090909034906963032 ...
            0.0909090585986501 0.090909072267574526 0.090908214891640984 ...
            0.090908585490617533 0.090908799307784061 0.090908922669648493 ...
            0.090908993843305128 0.090909034906963032 0.0909090585986501 ...
            0.090909072267574526];
n_all{2} = [0.090909163354938566 0.090911209949709346 0.090912696852537542 ...
            0.090911171359008933 0.09091029122515952 0.09090978343172848 ...
            0.09090949046018923 0.090909321430190856 0.090909163354938566 ...
            0.090911209949709346 0.090912696852537542 0.090911171359008933 ...
            0.09091029122515952 0.09090978343172848 0.09090949046018923 ...
            0.090909321430190856];
n_all{3} = [0.090912008823840443 0.090919083424022745 0.0909243893941388 ...
            0.0909179173736308 0.090914183339879315 0.0909120289882298 ...
            0.090910786034539851 0.090910068912116671 0.090912008823840443 ...
            0.090919083424022745 0.0909243893941388 0.0909179173736308 ...
            0.090914183339879315 0.0909120289882298 0.090910786034539851 ...
            0.090910068912116684];
n_all{4} = [0.0909167515353747 0.09093220620463216 0.090943876654521652 ...
            0.0909291605530834 0.090920670094903885 0.090915771523064 0.090912945290891028 ...
            0.090911314695575313 0.0909167515353747 0.09093220620463216 ...
            0.090943876654521652 0.0909291605530834 0.090920670094903885 ...
            0.090915771523064 0.090912945290891028 0.090911314695575313 ...
            ];
n_all{5} = [0.0909233918845947 0.090950578776533716 0.090971158169949551 ...
            0.090944900629814057 0.090929751335868766 0.090921010947170575 ...
            0.0909159681778593 0.0909130587509213 0.0909233918845947 0.090950578776533716 ...
            0.090971158169949551 0.090944900629814057 0.090929751335868766 ...
            0.090921010947170575 0.0909159681778593 0.0909130587509213];
n_all{6} = [0.090931930424586638 0.090974201818452172 0.091006233290575292 ...
            0.090965137228893309 0.090941426846458229 0.090927747135746154 ...
            0.090919854623439364 0.090915301036611107 0.090931930424586652 ...
            0.090974201818452172 0.091006233290575292 0.090965137228893309 ...
            0.090941426846458229 0.090927747135746154 0.090919854623439364 ...
            0.090915301036611107];
n_all{7} = [0.090942367866481591 0.091003076202570532 0.09104910117982519 ...
            0.090989869867659612 0.090955696348200624 0.09093597992812627 ...
            0.0909246045349358 0.090918041499164048 0.090942367866481591 ...
            0.091003076202570532 0.09104910117982519 0.090989869867659612 ...
            0.090955696348200624 0.09093597992812627 0.0909246045349358 ...
            0.090918041499164048];
n_all{8} = [0.090954705079471565 0.091037202994183941 0.091099760813608488 ...
            0.091019097955263639 0.0909725595002053 0.090945709127634139 ...
            0.090930217798875862 0.090921280073112037 0.090954705079471565 ...
            0.091037202994183941 0.091099760813608488 0.091019097955263639 ...
            0.0909725595002053 0.090945709127634139 0.090930217798875862 ...
            0.090921280073112037];
